gameLevel=1
offset=1750
translation={ {M11:1 M12:0 M13:0 M14:0} {M21:0 M22:1 M23:0 M24:0} {M31:0 M32:0 M33:1 M34:0} {M41:-1750 M42:0 M43:0 M44:1} }
student.position.X=2266.5
student.position.Y=325.3998
currentHealth=90
fullHealth=100
attackPower=10
amtPencil=150
sanity=0.954999970912933
budget=200
experience=0.400000001490116
shield=0
